1 0.271875 0.325 0.028125 0.1171875
1 0.46640625 0.35703125 0.040625 0.05390625
1 0.5109375 0.28984375 0.090625 0.10703125
1 0.36796875 0.47734375 0.03984375 0.06015625
1 0.3171875 0.48125 0.01171875 0.03203125
1 0.36328125 0.70703125 0.0265625 0.0796875
1 0.3015625 0.7765625 0.02265625 0.03046875
1 0.30078125 0.69296875 0.01328125 0.0390625
1 0.36875 0.84375 0.0625 0.11875
1 0.33046875 0.92421875 0.02890625 0.04921875
1 0.4640625 0.49296875 0.02421875 0.075
1 0.44921875 0.8078125 0.0296875 0.07265625
1 0.5203125 0.83046875 0.034375 0.040625
1 0.51484375 0.8921875 0.025 0.0453125
3 0.0203125 0.0765625 0.040625 0.0765625
3 0.065625 0.0390625 0.040625 0.0390625
3 0.76953125 0.28125 0.10859375 0.14765625
3 0.79921875 0.10546875 0.0625 0.16875
3 0.69296875 0.09921875 0.06640625 0.08046875
3 0.60625 0.175 0.04140625 0.0796875
3 0.61796875 0.27421875 0.03203125 0.08515625
3 0.446875 0.328125 0.02890625 0.1484375
3 0.3984375 0.36484375 0.02421875 0.02578125
3 0.34296875 0.86328125 0.05625 0.23203125
3 0.4234375 0.96796875 0.0359375 0.06328125
3 0.459375 0.909375 0.03046875 0.0390625
3 0.50390625 0.9828125 0.01875 0.0328125
3 0.546875 0.8546875 0.06796875 0.28984375
3 0.4796875 0.684375 0.134375 0.16328125
3 0.378125 0.653125 0.06875 0.153125