3 0.2296875 0.62734375 0.21640625 0.14765625
3 0.30703125 0.46875 0.040625 0.0578125
3 0.16484375 0.2328125 0.0515625 0.0515625
3 0.49453125 0.16484375 0.0796875 0.07265625
3 0.4953125 0.2421875 0.18671875 0.1375
3 0.5203125 0.40234375 0.05625 0.0578125
3 0.5234375 0.53515625 0.20859375 0.1578125
3 0.71796875 0.62421875 0.22109375 0.21953125
3 0.86875 0.56640625 0.115625 0.0953125
3 0.6921875 0.32734375 0.19140625 0.14921875
3 0.86171875 0.2671875 0.11015625 0.0828125
3 0.9359375 0.40703125 0.128125 0.09296875
3 0.8140625 0.475 0.0625 0.09921875
3 0.74765625 0.490625 0.0734375 0.04375
0 0.175 0.3578125 0.35 0.353125
0 0.4375 0.3625 0.20234375 0.19921875
0 0.56328125 0.4 0.16171875 0.17421875
0 0.8640625 0.47890625 0.09296875 0.1203125