0 0.53515625 0.54609375 0.1234375 0.20078125
0 0.6203125 0.3375 0.13515625 0.13671875
0 0.3875 0.146875 0.10625 0.16171875
0 0.59921875 0.79140625 0.15234375 0.18046875
0 0.8609375 0.915625 0.19609375 0.16796875
0 0.46953125 0.81796875 0.0921875 0.14296875
3 0.228125 0.3578125 0.14140625 0.221875
3 0.3015625 0.1359375 0.1140625 0.259375
3 0.40546875 0.08984375 0.1328125 0.1796875
3 0.43359375 0.24375 0.0421875 0.09375
3 0.459375 0.33984375 0.078125 0.09140625
3 0.5171875 0.2359375 0.090625 0.203125
3 0.5375 0.06484375 0.1078125 0.09296875
3 0.59453125 0.090625 0.10234375 0.1
3 0.66953125 0.13359375 0.12421875 0.2671875
3 0.81875 0.19453125 0.22734375 0.253125
3 0.75625 0.434375 0.13046875 0.09765625
3 0.5953125 0.5875 0.1296875 0.24296875
3 0.71328125 0.55703125 0.059375 0.0640625
3 0.81875 0.6125 0.21171875 0.209375
3 0.7484375 0.765625 0.13046875 0.09140625
3 0.440625 0.54765625 0.115625 0.153125
3 0.39453125 0.30390625 0.0796875 0.10546875
3 0.34296875 0.7484375 0.10859375 0.11640625