0 0.35859375 0.15859375 0.1921875 0.1109375
0 0.67421875 0.3578125 0.1046875 0.0890625
0 0.73515625 0.5671875 0.13515625 0.0875
0 0.80078125 0.67109375 0.1515625 0.14140625
0 0.7921875 0.8046875 0.13515625 0.22734375
0 0.4625 0.58359375 0.075 0.0703125
0 0.48359375 0.90078125 0.159375 0.15546875
0 0.5375 0.59453125 0.12265625 0.159375
1 0.72578125 0.453125 0.21328125 0.0953125
1 0.35625 0.44375 0.296875 0.0875
1 0.5609375 0.25546875 0.1921875 0.171875
3 0.60859375 0.90859375 0.14296875 0.18125
3 0.61953125 0.66796875 0.15234375 0.2453125
3 0.4703125 0.6703125 0.04140625 0.0609375
3 0.884375 0.60703125 0.13828125 0.1328125
3 0.825 0.46953125 0.14296875 0.1046875
3 0.68359375 0.2921875 0.109375 0.10859375
3 0.16640625 0.03828125 0.1859375 0.07578125
3 0.13515625 0.10234375 0.1859375 0.0875
3 0.14921875 0.17578125 0.1515625 0.084375
3 0.3203125 0.240625 0.20859375 0.1703125
3 0.46953125 0.14921875 0.1875 0.1375