0 0.57734375 0.62890625 0.1359375 0.06015625
1 0.6265625 0.5515625 0.07890625 0.0515625
0 0.69375 0.60546875 0.0671875 0.0390625
0 0.5390625 0.67734375 0.03984375 0.03515625
1 0.5125 0.35234375 0.0859375 0.134375
1 0.94453125 0.64140625 0.11015625 0.05546875
1 0.83125 0.578125 0.10390625 0.06171875
1 0.41328125 0.26171875 0.08671875 0.115625
1 0.440625 0.346875 0.0375 0.040625
3 0.328125 0.121875 0.309375 0.24375
3 0.509375 0.10859375 0.17421875 0.21640625
3 0.38359375 0.3625 0.1234375 0.1515625
3 0.93671875 0.321875 0.125 0.10546875
3 0.98046875 0.38828125 0.03828125 0.0734375
3 0.6859375 0.8578125 0.13984375 0.28359375
3 0.4875 0.8875 0.1890625 0.225
3 0.6015625 0.7140625 0.05859375 0.0921875
3 0.8171875 0.965625 0.1 0.06875
3 0.9171875 0.975 0.0578125 0.04921875
0 0.9734375 0.4875 0.053125 0.0453125
1 0.86953125 0.51875 0.06328125 0.03359375