3 0.42265625 0.39375 0.11953125 0.36171875
1 0.5359375 0.4171875 0.04140625 0.0484375
1 0.59609375 0.41875 0.071875 0.04375
3 0.1921875 0.4453125 0.3796875 0.4578125
1 0.62109375 0.48125 0.034375 0.0515625
1 0.5625 0.49765625 0.040625 0.046875
3 0.8515625 0.515625 0.29296875 0.41328125
3 0.6265625 0.57578125 0.1265625 0.17265625
3 0.51171875 0.67109375 0.15234375 0.171875
3 0.3546875 0.684375 0.2140625 0.15859375
3 0.64765625 0.83125 0.14296875 0.19375
3 0.4484375 0.8890625 0.34296875 0.11953125
3 0.88828125 0.91796875 0.22265625 0.15
0 0.74609375 0.934375 0.065625 0.03984375
0 0.59140625 0.96640625 0.05390625 0.05
3 0.6 0.19296875 0.409375 0.3859375