3 0.50859375 0.046875 0.02734375 0.0421875
3 0.4625 0.02890625 0.0375 0.05546875
3 0.45625 0.0984375 0.0234375 0.02421875
3 0.56015625 0.0484375 0.034375 0.0328125
3 0.5828125 0.1890625 0.03984375 0.05703125
3 0.7953125 0.69921875 0.12109375 0.14921875
3 0.9078125 0.6625 0.184375 0.1734375
3 0.8796875 0.89921875 0.2390625 0.20078125
3 0.7296875 0.77890625 0.1015625 0.08203125
3 0.60859375 0.74375 0.08046875 0.12109375
0 0.52265625 0.2328125 0.2046875 0.34140625
0 0.40625 0.1546875 0.05859375 0.040625
0 0.5046875 0.7484375 0.153125 0.23359375
0 0.6328125 0.8109375 0.11484375 0.15234375
0 0.89140625 0.76796875 0.15078125 0.08203125
0 0.77578125 0.48671875 0.19140625 0.1515625