1 0.1484375 0.37265625 0.07109375 0.10078125
1 0.3390625 0.38828125 0.06484375 0.10703125
3 0.08984375 0.6765625 0.1796875 0.1890625
3 0.9015625 0.26796875 0.196875 0.21796875
3 0.903125 0.54375 0.16015625 0.1234375
3 0.5109375 0.3734375 0.2109375 0.17421875
3 0.28046875 0.13203125 0.19375 0.26328125
3 0.42109375 0.10859375 0.10703125 0.1296875
3 0.54296875 0.2234375 0.30078125 0.12578125
3 0.278125 0.5953125 0.11796875 0.2640625
3 0.49765625 0.60546875 0.12734375 0.221875
3 0.7671875 0.44375 0.0734375 0.29375