1 0.48203125 0.3921875 0.0453125 0.08515625
3 0.41875 0.1046875 0.059375 0.09140625
3 0.3171875 0.0453125 0.07890625 0.08125
3 0.30078125 0.7109375 0.0609375 0.11015625
1 0.471875 0.2265625 0.05 0.10859375
0 0.34609375 0.434375 0.09296875 0.06796875
0 0.59140625 0.27109375 0.05390625 0.059375
0 0.56171875 0.0359375 0.059375 0.0578125
2 0.44453125 0.490625 0.05859375 0.06953125
1 0.52734375 0.32734375 0.0328125 0.0734375
1 0.4421875 0.32421875 0.0421875 0.0578125
3 0.41953125 0.2359375 0.0421875 0.09296875
3 0.265625 0.121875 0.053125 0.0953125
3 0.375 0.82109375 0.0640625 0.059375
4 0.140625 0.6703125 0.22890625 0.59453125
3 0.7609375 0.02578125 0.0296875 0.04609375
4 0.66484375 0.12578125 0.11171875 0.2171875
4 0.33984375 0.203125 0.07734375 0.215625
4 0.62109375 0.38203125 0.05546875 0.10390625
4 0.80859375 0.06015625 0.0484375 0.08515625
4 0.415625 0.60078125 0.10234375 0.09140625