0 0.278125 0.57578125 0.290625 0.25546875
0 0.5296875 0.50703125 0.16328125 0.2015625
0 0.6359375 0.64140625 0.21328125 0.209375
3 0.40078125 0.08125 0.09453125 0.11015625
3 0.27890625 0.08828125 0.19921875 0.17578125
3 0.26953125 0.26328125 0.084375 0.0828125
3 0.15859375 0.275 0.21171875 0.14765625
3 0.42890625 0.33984375 0.17265625 0.16171875
3 0.90234375 0.428125 0.1953125 0.12265625
3 0.58359375 0.90234375 0.11484375 0.178125
3 0.10078125 0.79296875 0.20078125 0.41328125
3 0.4 0.66328125 0.3171875 0.18671875
3 0.42265625 0.5515625 0.22578125 0.1328125