0 0.35859375 0.5703125 0.3625 0.43984375
0 0.10703125 0.74375 0.21328125 0.45
1 0.38671875 0.8734375 0.4625 0.253125
0 0.70625 0.640625 0.08515625 0.0828125
0 0.73671875 0.78359375 0.17265625 0.09921875
0 0.57734375 0.42265625 0.14296875 0.12421875
0 0.91015625 0.3390625 0.1796875 0.3421875
1 0.33515625 0.5515625 0.23359375 0.24453125
3 0.71484375 0.45625 0.1125 0.12890625
3 0.94921875 0.54609375 0.1015625 0.25078125
3 0.6625 0.2796875 0.14453125 0.11640625
3 0.56640625 0.609375 0.090625 0.07890625