3 0.05078125 0.0359375 0.1015625 0.071875
3 0.38515625 0.19609375 0.11015625 0.10859375
1 0.90078125 0.08515625 0.1203125 0.16796875
1 0.49140625 0.44375 0.06796875 0.10234375
1 0.03515625 0.25546875 0.0703125 0.0828125
1 0.18515625 0.24140625 0.0703125 0.078125
1 0.08359375 0.3328125 0.0453125 0.0578125
1 0.77578125 0.6234375 0.071875 0.11875
1 0.7609375 0.4765625 0.08359375 0.06796875
1 0.85625 0.353125 0.05234375 0.06953125
1 0.6015625 0.515625 0.075 0.09375
1 0.6171875 0.328125 0.059375 0.078125
3 0.1171875 0.1515625 0.2125 0.08359375
3 0.26015625 0.3734375 0.11796875 0.11875
1 0.4328125 0.2984375 0.03046875 0.03359375
3 0.6328125 0.7953125 0.096875 0.134375
3 0.6734375 0.60625 0.05390625 0.12421875
3 0.51484375 0.60234375 0.10078125 0.18046875
3 0.74140625 0.2296875 0.05078125 0.0359375
3 0.746875 0.33515625 0.1140625 0.18671875