0 0.89375 0.93984375 0.2125 0.1203125
0 0.8 0.2859375 0.30703125 0.12890625
0 0.54921875 0.33046875 0.16015625 0.09765625
0 0.3375 0.63671875 0.19609375 0.2609375
0 0.39609375 0.2359375 0.1296875 0.1
0 0.2 0.28828125 0.14140625 0.12421875
3 0.51484375 0.74140625 0.16875 0.159375
3 0.51484375 0.5765625 0.146875 0.16171875
3 0.52890625 0.4625 0.046875 0.10390625
3 0.7046875 0.47265625 0.32109375 0.14140625
3 0.29765625 0.4015625 0.17109375 0.146875
3 0.078125 0.5046875 0.13515625 0.1890625
3 0.1953125 0.31796875 0.071875 0.0765625