1 0.53046875 0.46171875 0.078125 0.06796875
1 0.81796875 0.55546875 0.07734375 0.07578125
1 0.63125 0.784375 0.10625 0.046875
3 0.571875 0.56875 0.109375 0.071875
3 0.82421875 0.8046875 0.14296875 0.09140625
3 0.97265625 0.86484375 0.05390625 0.09140625
3 0.92734375 0.3984375 0.11328125 0.10859375
3 0.81328125 0.03359375 0.0625 0.0671875
3 0.6484375 0.06875 0.0890625 0.11171875
3 0.66640625 0.225 0.1515625 0.0875
3 0.32890625 0.18359375 0.14609375 0.0421875
3 0.4390625 0.409375 0.040625 0.0765625
3 0.39296875 0.55234375 0.06484375 0.09765625
3 0.5921875 0.65 0.08515625 0.06484375
3 0.78515625 0.89765625 0.11171875 0.059375
3 0.65859375 0.07421875 0.075 0.07265625
3 0.40390625 0.459375 0.10390625 0.109375
3 0.87421875 0.49609375 0.003125 0.0078125
3 0.92265625 0.5515625 0.09296875 0.06328125